2 2 2 3
6
13 40 103 2 3 2
75
1 1 123 32 4 (18,14),(31,14),(48,23),(52,26)
4 2 83 184 0 
5 3 39 126 0
5 4 82 116 0
8 5 59 178 4 (16,25),(38,13),(55,19),(64,27)
9 6 70 3 0
12 7 7 98 0
13 8 133 94 0
13 9 65 177 0
16 10 77 76 0
19 11 100 183 0
19 12 31 27 0
21 13 102 132 0
24 14 122 9 0
24 15 53 37 0
27 16 81 67 0
29 17 23 86 0
32 18 91 143 0
35 19 18 162 0
36 20 103 195 2 (7,7),(24,13)
39 21 57 99 0
42 22 144 63 0
45 23 63 167 0
47 24 100 0 0
50 25 81 153 0
50 26 110 5 0
52 27 129 9 0
54 28 16 177 0
57 29 7 134 0
60 30 63 195 2 (18,22),(24,27)
62 31 5 95 0
62 32 134 129 1 (3,9)
65 33 114 3 4 (7,21),(19,19),(25,26),(34,25)
65 34 106 55 0
68 35 121 56 0
71 36 146 52 0 
73 37 19 92 0
75 38 146 40 0
77 39 9 52 0
78 40 99 163 0
80 41 88 160 3 (21,7),(42,14),(52,5)
80 42 48 181 1 (14,29)
81 43 93 81 0
81 44 81 106 0
84 45 121 163 0
84 46 65 149 4 (17,5),(26,23),(37,18),(41,16)
85 47 48 156 0
86 48 95 154 0
88 49 141 35 0
88 50 139 92 0
89 51 64 99 1 (14,20)
91 52 3 116 0 
91 53 60 173 0
92 54 25 46 0
95 55 81 128 0
96 56 103 115 0
96 57 117 111 1 (4,18)
97 58 5 188 0
97 59 4 128 0
97 60 66 39 0
98 61 92 74 0
100 62 96 138 4 (14,27),(34,21),(38,16),(44,24)
100 63 9 187 0
100 64 19 51 0
103 65 115 63 0 
106 66 38 8 0
107 67 70 50 3 (16,27),(23,17),(28,7)
109 68 59 55 0
110 69 86 29 0
111 70 6 192 0
114 71 89 38 0
115 72 0 182 0
117 73 133 74 3 (3,16),(17,7),(22,14)
118 74 47 187 0
121 75 14 166 0

SIGKILL Times
40 46
50 64
53 42
85 41
