2 1 1 1
8
22 31 79 7 8 0
64
4 1 57 109 0
4 2 62 197 3 (8,23),(16,9),(31,23)
7 3 9 74 0
8 4 117 0 0
10 5 65 38 0
12 6 73 62 0
13 7 88 58 0
16 8 71 123 0
17 9 55 168 0
20 10 59 132 0
20 11 148 147 0
21 12 87 46 0
22 13 12 189 0
22 14 3 45 0
25 15 42 74 0
25 16 100 87 0
27 17 29 123 0
30 18 54 142 0
30 19 116 172 0
30 20 80 49 0
31 21 143 46 0
34 22 119 171 0
37 23 77 126 0
37 24 80 107 0
40 25 143 76 0
40 26 115 106 0
42 27 3 109 2 (18,13),(37,26)
43 28 112 192 0
43 29 29 2 0
44 30 96 0 0
47 31 11 91 0
49 32 53 179 0
50 33 79 161 2 (19,28),(35,9)
50 34 99 84 0
52 35 106 39 0
55 36 116 196 0
57 37 84 104 2 (20,9),(28,18)
59 38 28 180 0
60 39 52 196 0
62 40 12 81 0
63 41 29 141 0
66 42 129 101 0
67 43 91 177 0
69 44 54 51 0
71 45 78 116 0
71 46 96 51 0 
74 47 146 36 0
77 48 41 25 0
77 49 68 170 0
77 50 68 53 0
77 51 34 32 3 (3,8),(8,7),(30,8)
78 52 139 52 0
80 53 0 157 0
81 54 75 146 0
81 55 91 136 1 (5,16)
81 56 119 127 0
81 57 128 199 0
83 58 107 12 0
84 59 130 144 0
84 60 2 17 0
84 61 114 51 0
87 62 137 171 0
90 63 32 125 0
92 64 104 169 0

SIGKILL Times
18 30
57 8
79 60
105 7
