0 0 4 4
7
18 24 30 7 5 0
121
2 1 114 197 4 (8,9),(28,19),(46,22),(57,11)
4 2 51 176 0 
7 3 102 77 0
10 4 26 106 0
13 5 99 77 0
16 6 81 133 1 (15,19)
16 7 118 170 0
18 8 32 67 0
21 9 28 95 0
22 10 87 79 0
23 11 129 131 0
25 12 103 55 0
27 13 146 156 4 (6,20),(22,29),(44,29),(49,25)
30 14 83 37 2 (9,21),(27,8)
31 15 65 109 0
32 16 87 159 0
35 17 43 24 0
36 18 89 186 0
39 19 99 44 4 (15,9),(23,18),(43,19),(49,12)
41 20 118 178 0
41 21 118 89 0
41 22 148 59 0
42 23 67 169 0
43 24 24 111 0
43 25 8 90 0
44 26 79 123 0
46 27 124 196 0
49 28 71 67 0
50 29 64 53 0
51 30 107 85 0
53 31 130 45 0
56 32 116 76 1 (17,20)
58 33 128 43 0
60 34 64 37 1 (7,16)
62 35 98 110 0
65 36 84 62 0
68 37 98 196 0
70 38 138 78 0
72 39 51 163 0
72 40 109 92 0
72 41 75 176 0
73 42 29 95 0
73 43 31 10 0
74 44 16 40 0
76 45 42 76 0
76 46 41 173 0
79 47 36 94 0
81 48 7 167 0
84 49 14 147 0
84 50 88 5 0
86 51 5 116 0
86 52 17 150 4 (4,18),(13,17),(35,6),(40,23)
89 53 91 21 0
91 54 27 48 0
91 55 64 175 0
91 56 135 74 2 (14,23),(21,12)
94 57 69 120 0 
94 58 118 74 0
94 59 119 73 0
95 60 96 81 0
97 61 7 120 0
99 62 27 123 0
99 63 125 74 0
100 64 107 55 0
100 65 35 37 0
103 66 27 53 0
105 67 63 175 2 (9,16),(29,22)
107 68 134 84 0
110 69 93 17 2 (17,21),(25,15)
111 70 119 27 0
112 71 10 109 0
115 72 0 56 0
116 73 98 181 0
116 74 80 75 0 
116 75 129 138 0
119 76 54 110 3 (13,12),(23,27),(36,20)
121 77 27 144 0
121 78 77 178 0
124 79 47 163 0
127 80 30 100 0
127 81 126 85 0
129 82 93 63 0
129 83 46 144 0
130 84 96 22 0
131 85 23 80 2 (20,22),(24,20)
134 86 12 92 0
134 87 74 103 0
136 88 100 109 0
136 89 79 99 0
138 90 111 154 4 (19,13),(31,8),(40,27),(53,26)
140 91 135 73 4 (15,23),(19,11),(24,21),(41,20)
141 92 64 67 0
141 93 98 150 0
142 94 131 170 0
143 95 120 192 0
145 96 89 41 0
145 97 59 158 1 (6,16)
145 98 122 155 0 
147 99 131 41 1 (6,21)
147 100 121 111 0
148 101 113 24 0
150 102 21 49 2 (10,6),(30,29)
151 103 48 45 4 (5,6),(19,16),(32,18),(49,27)
151 104 47 84 0
154 105 22 3 4 (12,14),(32,13),(55,19),(71,8)
155 106 88 91 0
155 107 67 66 0
155 108 122 164 0
156 109 80 187 0
158 110 25 189 4 (18,12),(41,12),(53,15),(62,10)
161 111 103 24 2 (15,8),(24,16)
162 112 0 30 0
163 113 84 190 0
166 114 143 6 2 (7,27),(21,20)
166 115 108 181 0
167 116 116 162 3 (16,12),(25,8),(35,20)
167 117 62 174 0
170 118 12 132 0
171 119 127 165 0
172 120 94 187 0
174 121 113 41 0

SIGKILL Times
36 0
49 13
61 40
