3 2 4 4
11
16 31 57 100 1 0
78
5 1 24 13 0 
7 2 24 120 1 (4,7)
8 3 99 74 0
11 4 32 53 0
12 5 67 121 0
13 6 113 121 0
13 7 75 177 0
13 8 109 79 0
16 9 96 175 0
16 10 93 188 0
17 11 55 148 0 
20 12 104 188 0
22 13 138 12 0
24 14 77 171 0
27 15 17 182 2 (18,19),(22,17)
27 16 58 137 0
28 17 4 87 0
31 18 67 131 2 (20,13),(24,14)
33 19 25 159 0
33 20 62 51 4 (15,11),(30,7),(40,18),(58,6)
35 21 93 29 0
37 22 107 171 0
40 23 56 22 0
40 24 136 129 0 
40 25 132 121 0
42 26 28 173 4 (22,20),(41,28),(58,21),(67,16)
42 27 88 164 0
44 28 65 73 0
44 29 88 51 0
44 30 19 43 4 (17,20),(30,28),(51,23),(59,6)
47 31 111 96 0
50 32 9 149 0
53 33 64 4 0
55 34 144 198 0 
55 35 38 64 0
55 36 88 11 0
57 37 34 89 3 (19,23),(26,23),(39,28)
59 38 11 147 0
59 39 47 65 3 (18,6),(25,25),(43,24)
59 40 80 28 4 (22,8),(43,24),(62,19),(76,27)
60 41 1 176 1 (8,28)
61 42 49 95 0
62 43 137 124 0
62 44 133 108 0
64 45 53 38 0
67 46 66 66 0
70 47 95 64 0
73 48 95 45 0
76 49 90 120 0
78 50 145 4 2 (20,16),(28,18)
80 51 141 135 0
80 52 109 186 0
81 53 78 24 0
81 54 19 18 0
83 55 17 171 0
84 56 51 95 0
87 57 144 80 0
89 58 96 71 0
92 59 10 96 0
92 60 2 169 0
94 61 107 20 2 (4,27),(12,7)
97 62 113 14 0
97 63 67 72 0
97 64 113 35 0
99 65 86 60 4 (22,24),(26,9),(38,6),(50,26)
100 66 144 103 3 (20,25),(26,22),(36,25)
102 67 40 5 0
104 68 110 95 0
104 69 18 62 0
107 70 53 95 0
110 71 92 69 0
112 72 110 46 0
113 73 129 34 0
114 74 98 121 0
115 75 55 181 0
117 76 110 136 0
119 77 69 6 0
120 78 14 198 0 

SIGKILL Times
34 32
46 56
46 71
55 11
86 38
94 55
