4 1 1 1
11
21 36 120 2 8 0
127
4 1 46 86 2 (20,22),(33,19)
4 2 9 113 4 (7,14),(29,13),(40,23),(63,12)
6 3 8 194 0
8 4 100 4 0
8 5 52 157 0
11 6 5 74 0
13 7 35 141 0
13 8 26 71 0
15 9 108 73 0
15 10 38 79 0
18 11 92 62 0
20 12 88 152 0
20 13 27 141 2 (6,26),(18,22)
23 14 14 49 0
26 15 15 133 0
29 16 33 101 0
31 17 144 127 0
34 18 48 83 0
35 19 84 146 0
38 20 141 9 0
39 21 105 80 0
39 22 52 159 2 (21,21),(33,27)
41 23 112 28 0
42 24 148 123 0
44 25 34 75 1 (18,13)
46 26 112 134 4 (19,12),(33,16),(41,10),(57,18)
46 27 129 109 0
48 28 117 117 4(19,12),(33,16),(41,10),(57,18)
48 29 78 160 4 (19,12),(33,16),(41,10),(57,18)
50 30 106 152 4 (18,14),(33,21),(46,28),(61,14)
53 31 81 154 0
53 32 148 71 0
53 33 120 125 0
53 34 40 40 0
56 35 71 64 0
57 36 42 41 0
57 37 53 57 0
60 38 26 90 0
63 39 41 17 0
63 40 56 53 0
63 41 40 196 0
65 42 29 186 0
66 43 50 108 0
68 44 39 4 0
68 45 137 93 0
70 46 1 146 0
72 47 52 170 2 (5,25),(8,6)
75 48 145 171 0
78 49 120 146 0
80 50 123 86 0
83 51 27 21 3 (5,29),(20,13),(32,28)
83 52 115 87 0
83 53 15 133 0
86 54 4 24 0
89 55 47 57 0
92 56 44 47 0
92 57 149 106 0
94 58 145 88 0
97 59 68 16 0
98 60 26 46 0
98 61 8 7 0
100 62 81 109 0
102 63 45 157 0 
104 64 27 30 0
105 65 76 93 1 (19,11)
106 66 83 126 0
108 67 32 160 0
109 68 22 140 0
111 69 90 175 0
111 70 95 150 0
113 71 137 165 0
116 72 132 127 0
116 73 132 143 2 (8,14),(27,23)
117 74 96 42 0
119 75 113 55 0
121 76 77 137 0
123 77 124 90 0
125 78 145 19 0
126 79 66 48 0
129 80 2 87 0
132 81 49 18 0
133 82 36 155 0
136 83 109 8 0
138 84 91 175 0
141 85 95 51 2 (21,26),(41,18)
143 86 147 18 3 (12,12),(22,23),(39,5)
146 87 58 92 0
146 88 86 45 0
148 89 92 126 0
150 90 84 170 0 
153 91 79 123 0
154 92 11 112 0
157 93 55 51 0 
157 94 103 185 0
159 95 39 183 0
159 96 48 113 1 (8,10)
162 97 127 32 0
164 98 103 192 0
165 99 143 76 0
165 100 133 161 0
167 101 26 175 0
167 102 141 8 0
169 103 57 23 2 (16,23),(32,7)
171 104 138 17 0
174 105 6 123 0
176 106 118 158 0
177 107 119 5 0
180 108 136 39 0 
180 109 17 182 0
181 110 128 177 0
181 111 88 99 0
183 112 133 91 0
183 113 19 50 0
183 114 137 124 0
184 115 135 114 0
184 116 81 86 0
185 117 85 22 0
186 118 21 172 3 (4,21),(7,26),(23,6)
189 119 23 86 0
191 120 18 32 0
192 121 22 159 0
194 122 146 97 0
194 123 6 130 0
194 124 63 149 0
196 125 111 19 0
199 126 24 77 3 (11,24),(26,15),(45,19)
200 127 79 160 1 (8,21)

SIGKILL Times
25 118
43 71
58 126
81 126
119 49
145 123
155 52
