1 3 3 2
13
23 47 90 6 9 0
113
5 1 88 77 0
7 2 68 117 0
8 3 33 167 0
9 4 106 181 0
9 5 37 141 2 (12,11),(33,8)
11 6 18 155 0
12 7 116 195 0
13 8 75 54 0
13 9 96 86 0
14 10 74 70 0
16 11 100 68 0
18 12 4 17 0
20 13 28 70 0
22 14 1 57 2 (10,15),(29,12)
23 15 145 176 0
26 16 106 172 0
26 17 44 98 0
26 18 76 151 0
27 19 85 137 3 (15,27),(33,10),(55,23)
27 20 68 4 0
30 21 91 120 0
30 22 142 73 0
32 23 91 65 0
34 24 2 15 0
36 25 136 129 0
38 26 5 69 0
40 27 13 20 0
41 28 83 24 4 (20,7),(28,20),(38,20),(52,12)
41 29 41 144 0
43 30 86 150 3 (16,29),(28,11),(37,23)
46 31 121 193 0
48 32 43 36 0
49 33 39 196 0
49 34 140 187 0
51 35 7 198 0
51 36 72 24 0
52 37 83 180 0
52 38 34 90 0
54 39 69 193 0 
57 40 68 72 0
58 41 141 73 0
61 42 122 106 0
63 43 119 143 0
65 44 77 106 0
67 45 115 11 0
68 46 115 53 0
68 47 106 44 0
70 48 134 22 0
73 49 101 71 0
76 50 110 106 0
77 51 15 61 0
80 52 17 68 1 (14,6)
82 53 80 14 0
83 54 7 41 0
86 55 74 180 0
86 56 46 117 2 (20,10),(39,10)
88 57 67 79 0
88 58 110 172 0  
88 59 136 117 0  
88 60 68 86 0
89 61 58 18 0
91 62 45 135 2 (12,20),(19,17)
91 63 50 126 0
93 64 137 126 0
93 65 16 97 0
93 66 7 56 0
94 67 23 145 0
96 68 89 175 0
97 69 80 88 4 (20,10),(31,27),(36,27),(41,11)
99 70 75 142 0
102 71 130 80 0
103 72 47 135 0
105 73 90 35 0
105 74 54 150 0
107 75 30 105 0
110 76 114 26 0
111 77 98 73 2 (14,9),(34,11)
114 78 135 129 0
117 79 68 160 0
118 80 36 79 0
120 81 104 113 0
123 82 119 26 0
125 83 80 83 0
128 84 131 133 0
128 85 104 68 0
129 86 47 87 0 
130 87 64 15 0
131 88 66 195 0
132 89 19 104 1 (1,29)
135 90 82 177 0
137 91 119 144 0 
140 92 49 24 0
141 93 116 11 0
144 94 1 175 0 
144 95 61 99 2 (13,22),(20,24)
144 96 139 117 0
145 97 6 72 0
145 98 120 101 0
147 99 116 113 0
150 100 44 94 0
152 101 105 93 0
152 102 70 63 0
153 103 35 118 0
156 104 39 151 0
158 105 26 107 0
158 106 96 38 0
159 107 113 143 1 (19,12)
161 108 26 125 3 (15,7),(28,25),(46,15)
162 109 65 6 2 (9,17),(19,8)
162 110 104 122 0
164 111 13 168 0
165 112 2 105 3 (9,11),(23,5),(37,20)
166 113 33 94 0

SIGKILL Times
37 27
37 25
39 109
39 99
73 43
92 54
