TT PID CT AT IO_D WT RT TRT
19 7 7 12 0 0 0 7
78 9 65 13 0 0 0 65
79 6 70 9 0 0 0 70
87 97 60 27 0 60 0 60
87 69 2 85 0 2 0 2
87 2 83 4 0 0 0 83
89 3 39 5 0 45 0 84
97 10 77 16 0 4 4 81
108 19 18 35 0 55 55 73
112 52 3 91 0 18 18 21
123 64 44 79 0 44 0 44
123 34 11 112 0 11 0 11
123 13 102 21 0 0 0 102
125 11 100 19 0 6 6 106
136 4 82 5 0 49 0 131
138 54 25 92 0 21 21 46
146 8 133 13 0 0 0 133
148 63 9 100 0 39 39 48
169 77 49 120 0 49 0 49
169 111 10 159 0 10 0 10
169 25 81 50 0 38 38 119
172 85 37 135 0 37 0 37
172 65 5 167 0 5 0 5
172 47 48 85 0 39 39 87
179 24 100 47 0 32 32 132
202 15 53 24 0 125 125 178
210 64 19 100 0 91 3 110
211 12 31 19 0 161 161 192
219 75 14 121 0 84 24 98
226 71 89 114 0 23 23 112
227 27 129 52 0 46 46 175
229 39 9 77 0 143 143 152
237 28 16 54 0 167 112 183
243 31 5 62 0 176 176 181
261 33 114 65 0 82 82 196
311 44 81 81 0 149 149 230
318 34 106 65 0 147 147 253
333 1 123 1 14 209 227 332
354 61 92 98 0 164 164 256
359 65 115 103 0 141 141 256
367 37 19 73 0 275 93 294
393 55 81 95 0 217 217 298
400 60 66 97 0 237 237 303
422 56 103 96 0 223 223 326
448 43 93 81 0 274 274 367
453 59 4 97 0 352 352 356
461 29 7 57 0 397 397 404
509 49 141 88 0 280 280 421
514 18 91 32 0 391 391 482
515 35 121 68 0 326 326 447
516 66 38 106 0 372 11 410
522 53 60 91 0 371 371 431
534 73 133 117 0 284 284 417
558 17 23 29 0 506 506 529
566 5 59 8 25 499 515 558
610 48 95 86 0 429 429 524
647 41 88 80 0 479 479 567
659 42 48 80 0 531 531 579
660 22 144 42 0 474 474 618
663 36 146 71 0 446 446 592
669 14 122 24 0 523 2 645
670 20 103 36 0 531 531 634
675 16 81 27 0 567 69 648
679 23 63 45 0 571 114 634
687 68 59 109 0 519 22 578
689 21 57 39 0 593 78 650
699 46 65 84 46 550 587 615
707 74 47 118 0 542 542 589
739 67 70 107 51 562 17 632
742 30 63 60 49 619 113 682
748 51 64 89 20 595 147 659
769 69 86 110 0 573 35 659
769 45 121 84 0 564 564 685
822 62 96 100 88 626 670 722
823 72 0 115 0 708 708 708
829 58 5 97 0 727 727 732
834 40 99 78 0 657 95 756
836 70 6 111 0 719 719 725
860 26 110 50 0 700 74 810
884 57 117 96 18 671 112 788
894 38 146 75 0 673 7 819
906 32 134 62 9 710 174 844
916 50 139 88 0 689 183 828
Processes: 83
Avg WT: 289.446,    Avg RT: 181.94,    Avg TRT: 355.12,    
Migrations: 72		Migration%: 86.747%     RTF: 34.7222%,    MaxW: 65.2778%,    
Work Steal%: 30.1205%
Forked Processes%: 9.63855%
Killed Processes%: 9.63855%
Processors: 9 [2 FCFS,2 SJF,2 RR, 3 EDF]
Processors Load
P0=0.57676%,     P1=0.563189%,     P2=3.02969%,     P3=2.95165%,     P4=2.58863%,     P5=2.35793%,     P6=2.79559%,     P7=2.3274%,     P8=2.35454%,     
Processors utilization
P0=18.559%,     P1=18.1223%,     P2=97.4891%,     P3=94.9782%,     P4=83.2969%,     P5=75.8734%,     P6=89.9563%,     P7=74.8908%,     P8=75.7642%,     
Avg  utilization = 69.8811%