TT PID CT AT IO_D WT RT TRT
14 3 8 6 0 0 0 8
16 6 5 11 0 0 0 5
43 8 26 13 0 4 4 30
46 2 9 4 14 33 0 42
48 7 35 13 0 0 0 35
53 61 9 44 0 9 0 9
53 10 38 15 0 0 0 38
62 15 15 26 0 21 21 36
83 25 34 44 0 5 5 39
89 38 26 60 0 3 3 29
108 90 4 104 0 4 0 4
108 22 0 108 0 0 0 0
108 4 100 8 0 0 0 100
109 5 52 8 0 49 0 101
123 142 50 80 0 29 29 43
123 118 7 123 0 0 0 0
123 104 105 18 0 6 7 105
123 76 76 47 0 76 0 76
123 9 108 15 0 0 0 108
124 14 14 23 0 87 87 101
147 68 22 109 0 16 16 38
150 60 26 98 0 26 26 52
155 35 71 56 0 28 28 99
187 44 39 68 0 80 80 119
205 40 114 151 0 54 0 54
205 114 80 185 0 20 0 20
205 38 141 64 0 59 60 141
205 69 138 67 0 138 0 138
205 17 144 31 0 30 30 174
228 41 40 63 0 125 125 165
230 46 1 70 0 159 159 160
233 99 59 174 0 59 0 59
233 82 47 186 0 47 0 47
233 69 90 111 0 32 32 122
237 123 6 194 0 37 37 43
252 74 96 117 0 39 39 135
256 120 18 191 0 47 47 65
270 156 29 241 0 29 0 29
270 200 13 257 0 13 0 13
270 155 64 135 0 71 71 135
275 100 55 220 0 55 0 55
275 151 48 227 0 48 0 48
275 77 124 123 0 28 28 152
299 72 65 134 0 100 100 165
314 65 76 105 11 133 18 209
317 80 2 129 0 186 186 188
325 137 41 314 0 11 0 11
325 116 55 270 0 30 30 55
325 285 1 324 0 0 0 1
325 207 31 294 0 0 0 31
325 107 119 177 0 29 29 148
380 97 127 162 0 91 91 218
386 59 68 97 0 221 221 289
400 113 19 183 0 198 198 217
425 126 24 199 0 202 202 226
473 88 86 146 0 241 241 327
480 105 6 174 0 300 300 306
492 92 11 154 0 327 327 338
510 109 17 180 0 313 313 330
563 45 137 68 0 358 358 495
603 11 92 18 0 493 493 585
608 54 4 86 0 518 518 522
617 61 8 98 0 511 511 519
633 53 15 83 0 535 535 550
713 57 149 92 0 472 472 621
737 98 103 164 0 470 470 573
843 27 129 46 0 668 668 797
853 125 111 196 0 546 546 657
966 23 112 41 0 813 813 925
981 114 137 183 0 661 661 798
998 16 33 29 0 936 195 969
1070 12 88 20 0 962 962 1050
1122 50 123 80 0 919 919 1042
1189 106 118 176 0 895 895 1013
1242 22 52 39 0 1151 1151 1203
1262 72 132 116 0 1014 1014 1146
1274 121 22 192 0 1060 872 1082
1327 90 84 150 0 1093 1093 1177
1408 112 133 183 0 1092 1092 1225
1419 84 91 138 0 1190 1190 1281
1423 82 36 133 0 1254 187 1290
1439 18 48 34 0 1357 10 1405
1449 42 29 65 0 1355 1355 1384
1578 104 138 171 0 1269 1269 1407
1624 36 42 57 0 1525 467 1567
1680 26 112 46 56 1522 130 1634
1691 67 32 108 0 1551 476 1583
1704 119 23 189 0 1492 527 1515
1719 118 21 186 47 1512 254 1533
1978 81 49 132 0 1797 176 1846
2037 1 46 4 41 1987 0 2033
2097 101 26 167 0 1904 858 1930
2208 64 27 104 0 2077 1236 2104
2257 95 39 159 0 2059 185 2098
2395 93 55 157 0 2183 511 2238
2410 55 47 89 0 2274 27 2321
2441 13 27 20 48 2394 34 2421
2449 51 27 83 42 2339 465 2366
2542 103 57 169 30 2316 247 2373
2630 34 40 53 0 2537 1059 2577
2650 39 41 63 0 2546 1061 2587
2714 96 48 159 10 2507 857 2555
2876 40 56 63 0 2757 473 2813
2889 63 45 102 0 2742 470 2787
2950 87 58 146 0 2746 690 2804
2970 124 63 194 0 2713 702 2776
2983 47 52 72 31 2859 128 2911
3025 43 50 66 0 2909 1106 2959
3037 19 84 35 0 2918 129 3002
3115 56 44 92 0 2979 468 3023
3234 116 81 184 0 2969 520 3050
3587 31 81 53 0 3453 459 3534
3733 37 53 57 0 3623 1103 3676
3769 21 105 39 0 3625 197 3730
3819 117 85 185 0 3549 867 3634
4041 91 79 153 0 3809 239 3888
4067 62 81 100 0 3886 40 3967
4092 127 79 200 21 3813 876 3892
4111 111 88 181 0 3842 859 3930
4247 94 103 157 0 3987 247 4090
4334 70 95 111 0 4128 653 4223
4384 79 66 126 0 4192 662 4258
4437 89 92 148 0 4197 856 4289
4465 75 113 119 0 4233 177 4346
4489 66 83 106 0 4300 1246 4383
4524 52 115 83 0 4326 129 4441
4537 33 120 53 0 4364 15 4484
4550 30 106 50 77 4394 1098 4500
4571 76 77 121 0 4373 664 4450
4593 29 78 48 56 4467 908 4545
4638 85 95 141 44 4402 191 4497
4770 83 109 136 0 4525 244 4634
4785 115 135 184 0 4466 748 4601
4862 49 120 78 0 4664 194 4784
4879 99 143 165 0 4571 515 4714
4895 108 136 180 0 4579 512 4715
4912 24 148 42 0 4722 14 4870
4967 102 141 167 0 4659 861 4800
4981 58 145 94 0 4742 190 4887
5004 28 117 48 56 4839 919 4956
5067 78 145 125 0 4797 243 4942
5131 73 132 116 37 4883 660 5015
5144 100 133 165 0 4846 191 4979
5158 20 141 38 0 4979 1098 5120
5172 110 128 181 0 4863 247 4991
5183 48 145 75 0 4963 1109 5108
5198 32 148 53 0 4997 135 5145
5215 71 137 113 0 4965 483 5102
5235 122 146 194 0 4895 251 5041
5256 86 147 143 40 4966 513 5113
Processes: 150
Avg WT: 1730.25,    Avg RT: 368.72,    Avg TRT: 1796.18,    
Migrations: 926		Migration%: 617.333%     RTF: 9.17927%,    MaxW: 90.8207%,    
Work Steal%: 492%
Forked Processes%: 15.3333%
Killed Processes%: 14%
Processors: 7 [4 FCFS,1 SJF,1 RR, 1 EDF]
Processors Load
P1=0.119513%,     P2=0.10912%,     P3=0.100213%,     P4=0.117657%,     P5=1.9148%,     P6=0.980971%,     P7=0.532983%,     
Processors utilization
P1=6.12633%,     P2=5.59361%,     P3=5.13699%,     P4=6.0312%,     P5=98.1545%,     P6=50.2854%,     P7=27.3212%,     
Avg  utilization = 28.3785%