TT PID CT AT IO_D WT RT TRT
16 3 9 7 0 0 0 9
61 72 27 34 0 27 0 27
61 79 5 56 0 5 0 5
61 1 57 4 0 0 0 57
75 5 65 10 0 0 0 65
90 6 73 12 0 5 5 78
101 102 73 28 0 33 34 73
101 101 55 46 0 55 0 55
101 7 88 13 0 0 0 88
143 99 35 108 0 35 0 35
143 115 22 121 0 22 0 22
143 48 41 77 0 25 25 66
150 10 59 20 0 71 71 130
151 53 0 80 0 71 71 71
155 14 3 22 0 130 130 133
168 13 12 22 0 134 134 146
171 60 2 84 0 85 85 87
172 30 96 44 0 32 32 128
198 112 96 102 0 96 0 96
198 166 69 167 0 31 0 31
198 168 53 183 0 15 0 15
198 105 92 106 0 38 38 92
198 46 96 71 0 31 31 127
240 49 68 77 0 95 95 163
244 27 3 42 0 199 199 202
256 31 11 47 0 198 198 209
269 40 12 62 0 195 195 207
291 17 29 27 0 235 80 264
319 47 146 74 0 99 99 245
369 23 77 37 0 255 255 332
374 44 54 69 0 251 251 305
391 29 29 43 0 319 145 348
459 37 84 57 0 318 318 402
470 45 78 71 0 321 321 399
540 24 80 37 0 423 423 503
551 20 80 30 0 441 441 521
652 16 100 25 0 527 527 627
673 38 28 59 0 586 219 614
689 11 148 20 0 521 521 669
695 41 29 63 0 603 224 632
769 33 79 50 0 640 640 719
802 35 106 52 0 644 644 750
825 9 55 17 0 753 753 808
836 15 42 25 0 769 73 811
930 64 104 92 0 734 734 838
949 28 112 43 0 794 794 906
966 63 32 90 0 844 332 876
985 2 62 4 23 919 927 981
1097 59 130 84 0 883 883 1013
1112 18 54 30 0 1028 140 1082
1114 57 128 81 0 905 905 1033
1128 8 71 16 0 1041 73 1112
1268 52 139 78 0 1051 1051 1190
1273 51 34 77 23 1162 228 1196
1306 39 52 60 0 1194 74 1246
1370 32 53 49 0 1268 148 1321
1472 12 87 21 0 1364 140 1451
1504 50 68 77 0 1359 327 1427
1640 4 117 8 0 1515 0 1632
1827 26 115 40 0 1672 220 1787
1863 58 107 83 0 1673 330 1780
1935 43 91 67 0 1777 148 1868
1956 55 91 81 16 1784 71 1875
2003 25 143 40 0 1820 13 1963
2020 61 114 84 0 1822 74 1936
2036 21 143 31 0 1862 220 2005
2054 62 137 87 0 1830 227 1967
2074 54 75 81 0 1918 62 1993
2094 56 119 81 0 1894 228 2013
2114 34 99 50 0 1965 219 2064
2130 22 119 34 0 1977 145 2096
2151 36 116 55 0 1980 151 2096
2172 19 116 30 0 2026 5 2142
2190 42 129 66 0 1995 230 2124
Processes: 74
Avg WT: 721.473,    Avg RT: 221.297,    Avg TRT: 788.905,    
Migrations: 267		Migration%: 360.811%     RTF: 14.6067%,    MaxW: 85.3933%,    
Work Steal%: 270.27%
Forked Processes%: 13.5135%
Killed Processes%: 13.5135%
Processors: 5 [2 FCFS,1 SJF,1 RR, 1 EDF]
Processors Load
P1=0.334024%,     P2=0.330598%,     P3=3.67427%,     P4=2.81437%,     P5=1.89109%,     
Processors utilization
P1=8.90411%,     P2=8.81279%,     P3=97.9452%,     P4=75.0228%,     P5=50.411%,     
Avg  utilization = 48.2192%